2.231446
2.062193
1.825419
1.622713
1.452256
1.306215
1.184600
1.086224
1.007627
0.944965
0.894847
0.854403
0.821292
0.793693
0.770246
0.749960
0.732120
0.716206
0.701844
0.688754
0.676727
0.665602
0.655254
0.645583
0.636508
0.627962
0.619890
0.612243
0.604981
0.598069
0.591477
0.585178
0.579149
0.573367
0.567816
0.562477
0.557337
0.552380
0.547595
0.542970
0.538496
0.534161
0.529959
0.525880
0.521917
0.518064
0.514314
0.510660
0.507099
0.503625
0.500233
0.496918
0.493678
0.490507
0.487404
0.484364
0.481384
0.478463
0.475596
0.472783
0.470019
0.467304
0.464636
0.462011
0.459430
0.456890
0.454389
0.451926
0.449500
0.447109
0.444752
0.442429
0.440137
0.437876
0.435645
0.433442
0.431268
0.429121
0.427000
0.424904
0.422834
0.420787
0.418764
0.416763
0.414785
0.412828
0.410892
0.408976
0.407081
0.405204
0.403346
0.401507
0.399685
0.397881
0.396094
0.394323
0.392569
0.390830
0.389106
0.387398
